#99
7654321 / 986 1385 2113 1083 1584 1167 1510 / 21
=76543218 / 201 434 448 346 287 276 405 162 / 6
=76543217 / 179 122 156 185 218 197 268 51 / 3
=65432121 / 105 107 140 152 136 31 40 129 / 3
=765432187 / 117 116 176 127 230 186 229 54 82 / 3
=6543218 / 148 138 144 135 141 52 144 / 3
=654321 / 90 212 136 210 185 140 / 3
765431 / 133 109 130 57 68 84 / 2
765432321 / 91 104 173 124 119 25 26 105 174 / 2
765654321 / 81 126 42 26 184 147 136 167 157 / 2
4321 / 44 37 101 54 / 2
765321 / 96 148 91 52 53 102 / 2
76531 / 68 137 96 54 52 / 2
65432187 / 193 139 151 137 66 136 30 33 / 2
h54321 / 0 42 32 48 56 59 / 1
7431 / 44 32 10 10 / 1
21 / 13 10 / 1
5321 / 25 47 48 11 / 1
654 / 12 10 20 / 1
764321 / 62 45 22 42 58 10 / 1
762121 / 54 38 12 20 12 20 / 1
8765432 / 12 99 53 67 75 44 10 / 1
75 / 32 35 / 1
7654534321 / 74 53 120 12 10 10 15 77 36 155 / 1
654321787 / 69 154 99 94 104 129 13 11 22 / 1
7654321218 / 42 108 126 135 58 56 10 17 112 12 / 1
767654321 / 26 17 15 40 151 53 90 32 40 / 1
76545432121 / 55 130 93 14 10 125 60 58 24 15 94 / 1
7654543218 / 11 67 70 15 10 77 48 108 115 31 / 1
65321818 / 89 124 99 68 77 12 11 11 / 1
7631 / 35 28 58 22 / 1
75431 / 10 51 52 21 52 / 1
7651 / 59 35 20 10 / 1
76565654321 / 39 11 10 10 12 15 108 10 68 84 86 / 1
7653217 / 54 12 64 55 85 76 30 / 1
765432121 / 27 110 59 10 21 22 10 11 13 / 1
65321 / 46 76 76 37 49 / 1
76532 / 58 56 89 94 21 / 1
87654321 / 11 11 47 80 63 101 78 58 / 1
765454321 / 69 50 94 13 34 64 94 97 79 / 1
7643218 / 52 12 10 11 25 40 10 / 1
87654343218 / 31 79 77 55 10 13 14 53 89 23 20 / 1
7654328 / 11 80 43 32 10 10 10 / 1
7675431 / 11 12 10 22 11 11 10 / 1
658 / 10 10 10 / 1
756543217 / 10 21 11 65 24 77 80 11 30 / 1
76545432187 / 13 73 92 12 12 77 117 82 93 44 10 / 1
76534321 / 11 47 132 11 15 88 41 118 / 1
732 / 12 11 11 / 1
7653 / 61 10 35 69 / 1
6432 / 20 32 43 11 / 1
76321 / 10 48 10 48 42 / 1
6543217 / 53 22 26 33 57 21 11 / 1
765432 / 59 10 10 12 11 32 / 1
7 / 10 / 1
652 / 31 43 33 / 1
754321 / 75 106 21 42 65 47 / 1
