#100
23563 / 2035 3157 2506 7660 7258 / 38
234563 / 1810 2078 800 1794 6336 6269 / 31
1234563 / 172 657 435 263 547 1604 1680 / 8
3563 / 824 279 1024 1045 / 6
235673 / 124 283 225 472 93 685 / 3
2345673 / 162 162 101 150 534 73 518 / 3
2354563 / 184 88 20 51 110 407 319 / 2
34563 / 192 21 162 301 410 / 2
e23456763 / 0 85 48 12 78 96 43 47 196 / 1
24563 / 120 24 79 187 203 / 1
123563 / 23 126 49 49 264 207 / 1
12345673 / 10 96 18 15 59 168 32 323 / 1
12354563 / 14 146 14 10 33 69 145 219 / 1
2356763 / 72 63 67 165 13 11 148 / 1
12356763 / 28 62 32 85 133 19 15 148 / 1
