#124
=3456734567 / 3227 581 682 1294 2193 2066 1870 881 1269 4013 / 23
=34567345678 / 2107 528 432 826 1258 961 1308 682 880 2353 362 / 16
=2345634567 / 519 794 207 256 1522 1254 191 171 964 336 / 8
=234567345678 / 197 914 308 210 425 715 591 795 378 422 838 366 / 8
=356734567 / 987 127 561 481 731 443 265 320 991 / 7
=234563456 / 351 694 156 242 1293 1014 186 126 1356 / 7
=23563456 / 402 521 256 913 886 179 234 1043 / 6
=23456734567 / 123 329 213 106 233 289 315 290 211 152 641 / 4
=3567345678 / 622 110 237 281 322 288 182 220 725 118 / 4
=3467345678 / 583 130 154 460 270 375 227 219 519 99 / 4
=345673467 / 401 63 80 113 275 223 214 154 440 / 3
=3456745678 / 340 24 69 79 103 274 92 144 136 121 / 2
=2356734567 / 48 257 73 153 171 210 76 124 87 255 / 2
=345674567 / 253 37 65 105 140 234 128 96 306 / 2
=3456345678 / 192 75 60 128 103 182 69 68 285 72 / 2
=234567345678 / 95 132 91 99 103 91 120 108 105 103 197 59 / 2
=23456734567 / 18 89 28 15 42 75 64 65 35 39 104 / 1
=12345673545678 / 5 49 45 24 38 44 68 105 18 58 50 75 99 6 / 1
=323456734567 / 16 22 399 35 93 264 211 359 154 64 263 257 / 1
=345673454567 / 281 70 44 151 219 301 21 11 14 61 117 227 / 1
=345673456767 / 265 50 44 247 129 266 54 75 94 20 23 210 / 1
=234673567 / 13 34 34 55 52 113 38 46 70 / 1
=23567345678 / 46 84 52 41 73 110 36 30 32 115 34 / 1
=235673567 / 15 111 39 77 66 161 53 48 104 / 1
=2345674567 / 14 145 63 23 45 123 85 46 84 47 / 1
=3567634567 / 166 36 37 82 38 42 77 46 62 155 / 1
=345673457 / 97 42 23 46 54 35 82 84 117 / 1
=345645678 / 97 10 40 57 102 14 27 74 48 / 1
=346734567 / 71 59 73 47 61 119 12 29 127 / 1
=2345673456787 / 37 100 31 24 69 83 98 102 52 89 36 39 21 / 1
=34567634567 / 160 36 16 55 144 11 90 66 42 50 56 / 1
=35674345678 / 175 10 50 68 14 38 96 64 30 93 77 / 1
=3634567 / 144 132 85 84 21 80 111 / 1
e3567345678 / 0 159 15 36 67 39 66 42 41 296 46 / 1
=234567434567 / 20 98 58 23 13 40 20 41 75 29 70 142 / 1
=235676345678 / 23 81 10 18 24 20 92 66 60 113 150 36 / 1
=2346734567 / 15 95 40 49 54 69 108 30 49 158 / 1
=34676734567 / 76 44 29 30 28 35 10 142 26 40 158 / 1
=367345678 / 127 37 36 18 111 35 21 250 11 / 1
=35673467 / 94 40 148 50 77 58 12 130 / 1
