#100
63h5 / 4072 5963 0 6003 / 24
=643h5 / 1580 152 2477 0 2646 / 11
=643a5 / 1298 150 1319 0 1726 / 8
=63h65 / 1223 2049 0 692 1100 / 6
=643h565 / 704 43 810 0 141 119 569 / 3
=643h65 / 470 35 704 0 470 283 / 3
=63h5656 / 531 857 0 182 224 189 130 / 3
=653h5 / 377 113 645 0 640 / 3
=653h565 / 415 50 669 0 141 179 414 / 3
=6543h5 / 271 23 25 427 0 562 / 2
=63h56 / 323 509 0 504 33 / 2
=653a65 / 272 90 436 0 222 209 / 2
=63h6 / 443 836 0 619 / 2
=563h5 / 23 241 401 0 454 / 2
643hhe5 / 212 11 269 0 0 0 164 / 1
643h656 / 283 15 309 0 52 186 34 / 1
643h565656 / 234 13 315 0 19 123 49 42 22 13 / 1
643h56 / 178 23 216 0 191 48 / 1
653a5 / 172 11 173 0 241 / 1
643h65656 / 168 16 247 0 19 37 55 145 15 / 1
63h565 / 150 201 0 19 32 192 / 1
63a5 / 200 181 0 201 / 1
5653h5 / 64 97 10 108 0 180 / 1
63a56 / 193 208 0 179 22 / 1
563h56 / 10 151 222 0 228 13 / 1
643a56 / 147 16 161 0 245 96 / 1
53h5 / 190 217 0 286 / 1
5656563a5656 / 30 25 25 20 18 15 166 0 64 35 64 41 / 1
543a5 / 110 10 124 0 196 / 1
5653h656 / 14 124 14 267 0 14 283 14 / 1
65653h5 / 73 26 19 44 266 0 279 / 1
6543h65 / 182 12 12 231 0 14 243 / 1
643a65 / 219 11 219 0 159 117 / 1
763h656 / 10 186 340 0 150 54 28 / 1
643a6 / 131 15 273 0 305 / 1
656543h5 / 13 22 58 49 14 161 0 214 / 1
543h65 / 158 38 196 0 18 201 / 1
56543h5 / 29 94 13 14 300 0 282 / 1
5653h6565 / 80 40 67 248 0 22 234 13 10 / 1
63a65 / 219 248 0 22 246 / 1
