#69
3g534567 / 1977 0 1290 1639 718 614 972 1533 / 16
=534567a3 / 789 957 355 396 628 881 0 982 / 10
=5234567a3 / 432 47 413 204 146 357 348 0 542 / 5
4534567a3 / 13 137 208 26 55 166 132 0 188 / 2
3g5234567 / 89 0 69 7 72 38 34 34 81 / 1
3g53454567 / 129 0 81 100 23 5 5 24 102 67 / 1
3g53456567 / 144 0 78 87 38 42 7 8 37 80 / 1
3g5345678 / 1017 0 913 422 559 579 370 626 259 / 11
=75345678 / 319 576 188 231 403 270 334 160 / 8
=3g534567 / 280 0 194 235 159 240 126 337 / 4
=7534567 / 205 226 203 83 163 229 144 / 4
=5345678 / 68 55 109 102 131 90 22 / 2
=3g52345678 / 179 0 176 36 54 89 99 63 127 85 / 2
=75234567 / 79 122 23 83 58 72 83 39 / 2