#133
65432187 / 5649 5292 1767 2545 1787 1405 2325 1846 / 36
765432187 / 1488 4555 4719 1757 2500 1551 956 2163 1737 / 33
=5432187 / 4179 379 488 900 960 594 620 / 16
=532187 / 2087 180 476 403 365 229 / 7
=76543287 / 166 811 718 352 375 261 353 380 / 6
=542187 / 1686 140 313 319 199 98 / 6
=6543287 / 850 431 210 306 189 275 215 / 5
=53218 / 1129 94 239 234 157 / 4
654321876 / 224 206 170 93 166 50 101 192 35 / 2
76543218 / 80 307 314 84 149 145 103 150 / 2
76565432187 / 91 246 65 66 267 62 186 91 83 131 110 / 2
b76543218 / 0 30 205 92 63 54 31 59 95 / 1
6565432187 / 105 133 19 70 40 59 48 24 37 45 / 1
6542187 / 164 53 38 12 12 12 52 / 1
b65432187 / 0 180 104 65 81 63 22 81 124 / 1
654387 / 115 152 36 77 45 33 / 1
76543187 / 68 111 110 69 103 11 49 103 / 1
765654328 / 23 130 17 39 161 30 28 122 26 / 1
676532187 / 12 40 183 148 108 65 36 69 80 / 1
654328 / 136 103 10 81 39 79 / 1
6543218 / 103 167 25 67 44 51 82 / 1
65217 / 100 183 92 27 53 / 1
6543212187 / 149 145 75 61 51 14 10 44 10 98 / 1
6543217 / 166 78 52 67 26 75 50 / 1
7653287 / 11 90 75 11 13 11 13 / 1
