#44
=7654345678121 / 240 155 82 249 236 135 95 203 327 76 95 511 96 / 3
=765434567812 / 264 148 84 271 172 144 62 94 313 128 42 566 / 3
=32187654567812 / 79 267 138 71 282 167 92 447 180 144 177 134 122 258 / 3
=76545678121 / 230 97 68 434 73 99 238 55 32 427 44 / 2
=8765434567812 / 10 228 120 47 204 149 90 81 82 185 140 65 377 / 2
=87654567812 / 12 262 51 64 429 95 127 201 125 56 416 / 2
=76434567821 / 57 42 20 104 44 31 55 115 6 152 20 / 1
=764345678121 / 105 37 8 107 65 52 59 103 15 28 171 5 / 1
=76543456781812 / 125 32 31 69 63 48 6 36 105 27 8 6 13 197 / 1
=765434567812121 / 97 41 19 101 45 42 37 43 71 61 13 144 7 12 11 / 1
=765434345678121 / 107 8 30 46 54 20 26 50 37 34 87 54 16 155 25 / 1
=87654567878121 / 6 65 74 8 217 40 32 75 15 13 39 32 166 29 / 1
=7654567812 / 79 73 17 222 6 8 135 36 54 192 / 1
=765434545678121 / 104 49 29 91 24 96 8 7 21 48 92 57 38 191 5 / 1
=7654567818121 / 128 54 14 245 34 35 93 55 6 6 41 173 20 / 1
=87654345678121 / 20 118 46 24 90 99 43 37 67 120 47 58 201 5 / 1
=876545678121 / 14 100 63 24 221 48 41 92 89 48 193 5 / 1
=32187654567812323 / 58 53 49 51 49 50 52 99 24 49 35 38 31 44 8 11 5 / 1
=2187654567812 / 111 67 25 90 31 73 156 49 32 91 49 28 119 / 1
=3218765456781232 / 13 85 33 26 86 42 46 148 53 47 64 50 32 67 5 11 / 1
=32187654345678123 / 25 89 32 29 82 66 41 73 25 47 35 56 57 49 37 69 10 / 1
=64567812 / 20 192 59 49 56 106 37 136 / 2
=75345781 / 37 14 32 59 67 61 67 49 / 1
=3457812 / 30 57 20 67 69 43 23 / 1
=74345456781212 / 24 12 67 53 27 13 12 23 56 71 37 12 11 12 / 1
=345643218 / 15 43 21 113 29 71 62 38 125 / 1
=8125632 / 12 53 10 47 49 13 49 / 1
=3563287 / 44 13 74 25 31 10 37 / 1
=4346782 / 12 43 37 11 68 21 11 / 1
=835653218 / 29 10 60 22 13 54 24 12 24 / 1
=765435678123 / 29 12 12 21 27 25 12 11 30 39 58 10 / 1