#100
=521 / 3465 2636 1448 / 14
=52 / 2606 3105 / 10
=5421 / 1780 309 1846 599 / 9
=5212 / 1937 1141 710 389 / 8
=542 / 813 71 1005 / 4
=54212 / 762 313 384 616 142 / 4
=454121 / 305 193 170 132 349 323 / 3
=4521 / 231 549 376 565 / 3
=542121 / 692 115 446 318 68 34 / 3
=5452 / 542 41 33 778 / 3
=45212 / 73 719 343 398 103 / 3
=512 / 361 163 280 / 2
=451 / 172 257 539 / 2
=454212 / 193 131 103 461 63 56 / 2
=541 / 351 174 568 / 2
=421 / 413 31 463 / 2
=41 / 453 481 / 2
=4541 / 211 126 82 508 / 2
452 / 18 229 302 / 1
545452121 / 19 35 39 81 34 122 59 21 13 / 1
45412 / 17 182 17 213 39 / 1
45121 / 25 223 29 39 154 / 1
5121 / 205 23 47 169 / 1
454521 / 18 222 17 14 299 10 / 1
4542121 / 14 179 21 170 50 26 10 / 1
512121 / 304 24 95 110 34 29 / 1
541212 / 231 25 11 114 93 69 / 1
521212 / 295 63 47 27 110 48 / 1
52121 / 260 163 74 56 20 / 1
545121 / 299 21 10 13 77 249 / 1
452121 / 105 119 13 18 168 13 / 1
4521212 / 16 237 72 61 59 43 39 / 1
5454521 / 54 161 23 21 10 117 170 / 1
54521 / 16 87 217 311 14 / 1
412 / 263 231 42 / 1
45452121 / 11 191 32 25 13 50 40 174 / 1
5454212 / 67 40 177 14 74 226 11 / 1
42121 / 265 11 22 109 148 / 1
5454121 / 46 47 152 50 30 232 10 / 1
45421 / 97 133 10 258 73 / 1
