#144
4g36b4 / 1946 0 5688 8318 0 5307 / 38
=43g36b4 / 1323 795 0 4959 7285 0 4472 / 32
=3g36b4 / 315 0 841 1232 0 784 / 5
=34g36b4 / 109 278 0 770 1139 0 620 / 5
=343g36b4 / 55 101 111 0 554 852 0 632 / 4
=43g36b43 / 120 59 0 537 712 0 441 71 / 3
=4g36b43 / 89 0 240 329 0 309 56 / 2
=434g36b4 / 78 45 29 0 309 456 0 288 / 2
=43g326b4 / 87 58 0 304 22 524 0 322 / 2
4g36c4 / 24 0 91 161 0 140 / 1
343g36b43 / 11 19 19 0 122 169 0 134 10 / 1
43g36c4 / 55 29 0 174 234 0 181 / 1
4g3676b4 / 37 0 156 195 13 10 0 110 / 1
4g36b54 / 69 0 170 262 0 29 192 / 1
g36b4 / 0 125 188 0 131 / 1
43g326b43 / 52 22 0 172 15 244 0 168 10 / 1
=3f36b4 / 1090 0 2318 3385 0 1932 / 19
=4g36b4 / 574 0 1937 2874 0 1767 / 18
=3g36b4 / 182 0 488 713 0 430 / 4
=5g36b4 / 65 0 348 557 0 328 / 3
