#100
=76543218 / 830 802 789 929 1558 809 573 593 / 17
=7654321 / 882 564 583 936 1365 694 619 / 17
=765432 / 325 269 246 333 450 237 / 6
=7654318 / 174 129 163 157 392 100 51 / 4
=7654328 / 132 103 141 149 266 165 85 / 3
=765431 / 114 106 154 179 237 116 / 3
765432187 / 122 90 113 116 214 101 106 86 41 / 3
765454321 / 201 111 105 41 35 179 283 117 89 / 3
75432187 / 48 77 134 129 79 32 22 23 / 2
764321 / 67 81 142 170 44 106 / 2
7543218 / 124 111 109 231 60 24 84 / 2
7653218 / 69 107 77 186 100 100 32 / 2
6543218 / 97 102 104 165 131 89 64 / 2
51 / 10 10 / 1
73 / 60 25 / 1
7643 / 10 63 11 42 / 1
7674321 / 68 12 10 10 61 40 47 / 1
74321 / 70 79 60 39 50 / 1
631 / 64 67 12 / 1
7543 / 76 11 10 22 / 1
765432e / 11 22 20 37 68 11 0 / 1
6543217 / 44 46 53 84 10 37 20 / 1
65432 / 69 46 34 56 22 / 1
76765432321 / 10 13 16 32 11 11 83 12 10 20 10 / 1
654321 / 35 58 78 93 24 49 / 1
7676532 / 48 10 13 20 45 81 10 / 1
7531 / 63 39 50 11 / 1
7654321818 / 88 20 38 26 96 47 57 12 10 10 / 1
7643218 / 27 51 83 105 23 20 37 / 1
76543217 / 11 74 22 48 95 50 43 21 / 1
7632 / 60 21 120 20 / 1
75328 / 61 58 108 50 10 / 1
763218 / 22 11 79 22 22 24 / 1
74328 / 24 10 88 22 10 / 1
7653432 / 28 49 12 33 15 10 23 / 1
654343218787 / 26 11 67 10 24 11 12 11 20 10 11 10 / 1
65432187 / 65 75 46 96 41 57 11 13 / 1
76543 / 31 12 11 34 39 / 1
75432 / 34 21 65 21 54 / 1
765321 / 53 38 33 102 13 21 / 1
765434321 / 91 45 10 41 19 19 78 45 22 / 1
327 / 76 54 10 / 1
7653 / 36 11 10 65 / 1
65432321f / 11 42 55 27 15 13 25 52 0 / 1
654328 / 65 49 68 65 82 12 / 1
76543287 / 13 25 11 62 92 20 16 32 / 1
765432321 / 22 46 49 53 87 14 13 38 10 / 1
