#100
=3g3f65432187 / 867 0 1915 0 397 477 372 809 435 361 417 514 / 11
=3g3g65432187 / 845 0 2048 0 397 472 433 763 340 266 661 331 / 11
=3g3g765432187 / 556 0 1372 0 94 213 265 279 523 233 180 339 358 / 6
=3g3g5432187 / 212 0 820 0 139 118 305 147 94 217 240 / 4
=3g3f6532187 / 161 0 456 0 108 95 221 65 32 66 156 / 3
=3g3f6543218 / 171 0 492 0 187 94 83 171 111 102 81 / 3
=3g3f5432187 / 249 0 567 0 176 107 175 140 110 207 149 / 3
=3g3g6543218 / 157 0 394 0 79 115 55 163 54 91 112 / 2
=3f3f65432187 / 82 0 353 0 74 85 36 134 78 78 76 68 / 2
=3g3g654321 / 162 0 450 0 96 73 65 146 23 52 / 2
=3g3g532187 / 88 0 337 0 35 118 41 43 64 58 / 2
=3g3g6543287 / 150 0 436 0 63 21 24 157 52 77 128 / 2
=43g3g765432187 / 33 97 0 381 0 63 128 89 54 147 102 73 92 44 / 2
=3g3g6432187 / 157 0 414 0 55 77 152 82 30 42 128 / 2
=3g3f653217 / 132 0 345 0 68 59 144 59 44 95 / 2
=43g3f6532187 / 43 97 0 333 0 75 105 148 54 98 75 76 / 2
=43g3f65432187 / 83 68 0 377 0 72 142 44 148 83 60 96 61 / 2
3g3f6543217 / 138 0 190 0 37 12 37 72 68 24 126 / 1
4g3f765432187 / 60 0 198 0 31 48 25 40 79 29 39 28 29 / 1
3g3g75432187 / 73 0 217 0 37 34 22 82 49 23 60 58 / 1
3g3f7643218 / 61 0 218 0 11 78 34 122 12 11 59 / 1
3g3f76543218 / 34 0 140 0 33 11 43 42 57 40 42 10 / 1
3g3f765654328 / 37 0 184 0 10 21 10 11 22 11 64 29 35 / 1
3g3g654318 / 23 0 180 0 56 35 24 84 21 45 / 1
3g3g565432187 / 66 0 203 0 10 40 29 40 54 25 20 13 59 / 1
3g3f765432187 / 92 0 239 0 43 58 33 41 80 36 33 27 22 / 1
3g3f6432187 / 78 0 220 0 50 29 70 39 26 28 31 / 1
43g3g6543187 / 32 10 0 155 0 38 10 25 77 12 59 30 / 1
43g3f65437 / 33 32 0 164 0 41 13 21 64 35 / 1
343g3f65432187 / 10 21 52 0 156 0 35 48 14 49 28 23 75 16 / 1
g3g6543287 / 0 85 0 13 22 25 50 12 50 33 / 1
43g3g7654321876 / 22 106 0 280 0 13 77 48 48 61 96 40 56 56 21 / 1
43g3g654321876 / 15 119 0 309 0 11 90 37 76 45 51 71 76 26 / 1
43g3g65432187 / 14 98 0 229 0 58 56 33 87 16 26 64 63 / 1
3g3g6543217 / 68 0 228 0 12 24 72 15 11 37 12 / 1
3g3f64327 / 54 0 191 0 10 51 46 12 23 / 1
3g3g765431 / 63 0 179 0 11 10 82 11 75 31 / 1
3g3g654387 / 85 0 195 0 67 20 23 112 23 23 / 1
3g3g65432 / 46 0 168 0 12 11 13 75 11 / 1
3g3f63217 / 81 0 131 0 23 82 11 11 11 / 1
3g3g543287 / 113 0 208 0 21 19 75 41 27 53 / 1
3g3g54317 / 82 0 166 0 33 12 51 23 47 / 1
3g3f327 / 45 0 112 0 46 10 30 / 1
3g3f632 / 11 0 164 0 53 49 13 / 1
3g3f5327 / 83 0 139 0 20 62 13 48 / 1
3g3f5653187 / 78 0 170 0 11 13 27 83 22 10 60 / 1
3g3f653287 / 54 0 177 0 11 73 76 29 51 49 / 1
3g3f6532 / 63 0 155 0 32 59 59 42 / 1
43g3f6543287 / 18 43 0 199 0 25 36 11 60 28 15 37 / 1
43g3f75438 / 20 44 0 171 0 11 20 15 66 33 / 1
3g3g65327 / 44 0 160 0 12 20 32 25 11 / 1
3g3f65327 / 61 0 165 0 11 10 55 11 12 / 1
3g3f543217 / 76 0 168 0 10 41 27 43 14 74 / 1
3g3f654321 / 65 0 207 0 72 52 47 56 28 69 / 1
3g3f565328187 / 103 0 171 0 10 31 25 80 10 12 12 40 40 / 1
43g3f43287 / 15 57 0 163 0 23 84 12 11 50 / 1
