#162
5b5h3f3 / 6616 0 6980 0 4406 0 4329 / 42
53a5h3 / 6069 3739 0 5493 0 3163 / 38
=5b45h3f3 / 2384 0 296 2382 0 1898 0 1583 / 16
=5h3f3 / 1972 0 638 0 768 / 15
5a5h3f3 / 1495 0 1519 0 796 0 690 / 8
5a45h3f3 / 1099 0 200 918 0 630 0 567 / 7
5b45g3f3 / 756 0 109 574 0 461 0 498 / 5
5b5g3f3 / 665 0 539 0 439 0 453 / 4
=53a5g3 / 602 491 0 557 0 392 / 5
=543a5h3 / 675 52 334 0 639 0 329 / 4
5a45g3f3 / 490 0 146 285 0 334 0 334 / 3
5a5g3f3 / 299 0 242 0 193 0 142 / 2
45a45h3f3 / 29 301 0 52 254 0 115 0 146 / 2
51b45h3f3 / 181 13 0 16 168 0 111 0 69 / 1
5a45h3f32 / 177 0 11 172 0 106 0 104 17 / 1
5b5h36f3 / 173 0 161 0 117 10 0 84 / 1
45b45h3f3 / 19 184 0 48 127 0 74 0 98 / 1
5a45h3f3f6 / 115 0 41 95 0 94 0 89 0 27 / 1
5a45h36f3 / 108 0 19 142 0 85 11 0 146 / 1
45a5g3f23 / 12 125 0 121 0 87 0 12 86 / 1
5b5g23f3 / 187 0 205 0 13 135 0 136 / 1
45a545h3f3 / 17 116 0 10 22 134 0 72 0 66 / 1
45a5h3f3 / 11 185 0 153 0 86 0 94 / 1
45b5h3f3 / 19 144 0 189 0 90 0 145 / 1
