#53
53a5h5h3 / 2460 2856 0 2038 0 2056 0 2220 / 20
=5a5hb5ah / 189 0 87 0 0 72 0 0 / 3
=5a5ha5ah / 89 0 22 0 0 56 0 0 / 2
=5ahb5a5h / 79 0 0 0 44 0 24 0 / 2
=5adg3b5a5h / 61 0 0 0 10 0 72 0 47 0 / 1
=53a5ha5a5h / 86 10 0 75 0 0 26 0 48 0 / 1
=5a5ha5a5h / 49 0 34 0 0 47 0 24 0 / 1
=5aha5ah / 50 0 0 0 10 0 0 / 1
a5hbah / 0 11 0 0 0 0 / 1
=53a5a5h3 / 1289 869 0 1141 0 1097 0 549 / 11
=53a5h3a53a5h / 360 101 0 324 0 55 0 319 85 0 298 0 / 3
=53a5h5h3 / 354 211 0 282 0 349 0 167 / 3
=53a5h3a5a5h3 / 244 84 0 192 0 38 0 230 0 225 0 33 / 2
=53a5h3a5a5h / 213 79 0 229 0 58 0 207 0 220 0 / 2