#59
=5656b4b6b4 / 51 68 16 15 0 21 0 168 0 62 / 1
=56b4b56565b4 / 46 117 0 45 0 11 17 110 15 11 0 49 / 1
=5a54b5656b4 / 155 0 38 14 0 14 16 46 68 0 52 / 1
=5a454b5656b4 / 147 0 11 28 13 0 107 19 22 16 0 24 / 1
=5656565b54a565656b4 / 33 21 24 43 22 19 16 0 11 41 0 28 71 18 12 12 13 0 12 / 1
=56565b454a5656a4 / 73 27 22 26 20 0 20 14 25 0 125 22 23 13 0 25 / 1
=5a4a56a4 / 147 0 53 0 126 16 0 36 / 1
=5656b4a5a4 / 131 26 21 12 0 11 0 172 0 50 / 1
=56b4a56a4 / 128 35 0 21 0 152 13 0 35 / 1
=6b4a6b4 / 687 0 301 0 489 0 187 / 6
=6b4b6b4 / 565 0 198 0 542 0 184 / 6
=6b43a6b4 / 460 0 195 55 0 352 0 149 / 3
=6b4a6b34 / 375 0 158 0 284 0 44 75 / 3
=6b43b6b4 / 230 0 82 23 0 172 0 53 / 2
=3f56a4a6b / 183 0 11 72 0 49 0 113 0 / 1
=65b4a6a4 / 89 11 0 70 0 52 0 12 / 1
=6b4a56b4 / 137 0 54 0 10 114 0 46 / 1
=6b4a656a4 / 130 0 55 0 51 19 24 0 27 / 1
=656b4a6b4 / 106 13 19 0 36 0 85 0 43 / 1
=6b4a6b434 / 136 0 59 0 160 0 19 10 14 / 1
=65b43a6b4 / 143 10 0 100 13 0 145 0 32 / 1
=65a434a565b34 / 85 10 0 18 18 36 0 18 109 10 0 14 40 / 1
=6b4a562b4 / 102 0 79 0 13 104 12 0 32 / 1
=65b4a56b43 / 114 12 0 81 0 24 153 0 44 18 / 1
=6b43b65b4 / 81 0 43 14 0 78 13 0 55 / 1
=6b43a6b34 / 108 0 46 11 0 121 0 11 31 / 1
=6a343a6b34 / 111 0 12 39 28 0 117 0 11 57 / 1
=6b343a65b34 / 127 0 11 32 14 0 68 14 0 13 11 / 1
=6b4b76b4 / 118 0 13 0 11 55 0 34 / 1
=65b34a6b4 / 133 11 0 11 69 0 80 0 10 / 1
=76b43b6b4 / 11 106 0 46 10 0 80 0 26 / 1
=6b43a6b43 / 121 0 39 35 0 90 0 24 30 / 1
=6b3a6b4 / 93 0 10 0 70 0 17 / 1
=6b34a6b4 / 104 0 10 24 0 95 0 14 / 1
=6b4a6b / 74 0 12 0 66 0 / 1
=6b4b6b / 106 0 36 0 83 0 / 1
=76b4b6b4 / 13 86 0 10 0 73 0 23 / 1
=6b34b6b4 / 96 0 13 38 0 86 0 45 / 1
=6b4a6b3 / 71 0 42 0 81 0 10 / 1
=76b34a6b34 / 15 64 0 17 30 0 70 0 11 39 / 1
=76b43b76b343 / 14 66 0 18 14 0 15 60 0 10 19 13 / 1
=767b4b6b34 / 11 78 43 0 14 0 71 0 11 12 / 1
=67b343a6b4 / 87 23 0 36 16 16 0 72 0 56 / 1
=6b34a6b34 / 145 0 10 24 0 124 0 12 59 / 1
