#100
3g53a3g53 / 10000 0 10561 10886 0 9519 0 10785 9823 / 81
=3g53a3g523 / 488 0 558 581 0 453 0 631 67 339 / 4
=3g53h3g53 / 485 0 466 811 0 426 0 536 473 / 4
=3g53a3g543 / 437 0 410 449 0 435 0 275 61 266 / 3
=3g53a37g53 / 245 0 290 323 0 290 25 0 310 276 / 2
3g523a3g523 / 103 0 165 16 86 0 115 0 154 11 105 / 1
3g543a3g53 / 108 0 159 12 116 0 104 0 167 118 / 1
3g6543a3g53 / 145 0 33 121 12 122 0 152 0 147 137 / 1
3g53a3gh53 / 126 0 150 164 0 150 0 0 130 158 / 1
3g53a3g653 / 142 0 135 188 0 145 0 11 131 134 / 1
3g53a3g65653 / 172 0 124 135 0 123 0 13 18 20 54 202 / 1
