#131
35a35 / 3344 5558 0 2809 5466 / 37
=356b356 / 1201 963 762 0 941 1018 801 / 10
=356a35 / 926 1314 217 0 679 1562 / 10
=356b35 / 592 478 557 0 351 937 / 6
=35b35 / 455 786 0 398 763 / 5
=3565b35 / 624 303 426 101 0 519 778 / 5
=356b3565 / 271 254 251 0 315 266 229 43 / 3
=3565b356 / 215 317 125 32 0 292 394 54 / 3
=3565a356 / 220 298 49 48 0 190 370 23 / 2
=35a3565 / 205 271 0 169 187 57 63 / 2
=35656b3565 / 272 248 79 80 23 0 220 283 34 36 / 2
=356565b356 / 211 31 60 135 90 28 0 123 228 117 / 2
=356b35656 / 176 153 158 0 174 99 53 99 71 / 2
3565a36 / 120 125 29 10 0 181 194 / 1
35656b356 / 90 53 35 32 54 0 109 168 39 / 1
36b356 / 117 191 0 81 52 101 / 1
35a356 / 71 144 0 97 110 15 / 1
356565b36 / 156 11 26 76 26 14 0 84 232 / 1
356565b3565 / 127 21 38 51 49 43 0 129 74 28 17 / 1
356b365656 / 124 15 131 0 103 39 35 36 34 38 / 1
35b3565 / 125 181 0 55 131 17 11 / 1
365b35 / 111 89 83 0 65 171 / 1
35b356 / 126 162 0 80 165 15 / 1
356a35656 / 72 119 31 0 94 75 32 22 13 / 1
=35a35 / 282 385 0 208 505 / 7
=35b365 / 158 180 0 164 159 64 / 4
=35b35 / 230 181 0 95 205 / 4
=35a365 / 187 177 0 97 124 125 / 3
=35a356 / 118 213 0 89 66 125 / 3
=35a5 / 130 151 0 180 / 2
=356b36 / 107 44 39 0 103 127 / 2
=356b356 / 99 71 34 0 43 75 34 / 2
=35b3656 / 74 77 0 90 45 23 34 / 2
=35b36 / 86 119 0 69 136 / 2
