#100
36b4a36b4 / 7653 12284 0 5890 0 6872 12609 0 6858 / 66
=36b4a356b4 / 1154 1692 0 848 0 836 159 1563 0 1070 / 9
=36b43a36b4 / 787 1128 0 468 168 0 567 1142 0 609 / 6
=36b43a356b4 / 279 533 0 216 48 0 259 75 473 0 343 / 3
=356b4a356b4 / 299 41 412 0 228 0 198 95 317 0 247 / 2
=36b34a36b4 / 195 354 0 23 180 0 192 338 0 196 / 2
=36b434a36b4 / 198 366 0 168 36 27 0 212 371 0 250 / 2
=326b4a356b4 / 140 12 203 0 132 0 124 12 204 0 115 / 1
=356b43a236b4 / 100 20 180 0 136 10 0 21 70 183 0 99 / 1
36b4a236b4 / 135 225 0 119 0 13 80 177 0 98 / 1
36b43a356b34 / 144 183 0 73 27 0 100 16 158 0 21 122 / 1
36b4343a36b4 / 100 179 0 83 23 20 11 0 110 201 0 122 / 1
365b4a36b4 / 169 147 10 0 73 0 100 176 0 135 / 1
367b4a36b4 / 70 159 13 0 59 0 63 165 0 84 / 1
36b4a3676b4 / 126 168 0 60 0 201 36 19 112 0 108 / 1
36b43a362b4 / 134 209 0 87 11 0 51 199 11 0 83 / 1
36b4a361b4 / 92 162 0 49 0 70 181 15 0 67 / 1
