#100
35g3g53 / 9742 4128 0 10217 0 7309 12591 / 76
=345g3g53 / 649 87 296 0 719 0 494 1084 / 6
=35g3g543 / 604 246 0 750 0 413 89 901 / 5
=35753 / 260 73 214 159 325 / 2
=3e5g3g53 / 325 0 159 0 370 0 170 541 / 2
3g3g53 / 76 0 86 0 58 90 / 1
35g3g54543 / 65 43 0 101 0 73 14 10 13 134 / 1
36g3g53 / 153 35 0 104 0 49 185 / 1
35g3ge53 / 157 34 0 168 0 0 34 280 / 1
35g3g5423 / 124 51 0 135 0 95 12 15 111 / 1
35g3g523 / 120 74 0 136 0 162 15 104 / 1
35g3g653 / 122 58 0 105 0 15 48 139 / 1
345g3g543 / 146 13 62 0 171 0 84 20 201 / 1
345g3gg53 / 123 13 62 0 127 0 0 52 196 / 1
